172
202
222
263
292
321
364
389
407
426
440
458
472
499
515
531
546
564
576
588
611
626
641
685
704
722
744
768
795
810
825
842
859
870
881
892
906
921
937
949
961
973
988
1001
1016
1026
1039
1677
1699
1747
1787
1951
1975
2010
2038
2066
2088
2107
2143
2164
2179
2200
2217
2232
2253
2272
2298
2325
2355
2375
2390
2424
2442
2467
2483
2502
2519
2533
2548
2569
2585
2605
2623
2639
2654
2668
2684
2702
2715
2732
2751
2766
2782
2805
2824
2841
2854
2870
2884
2905
2920
2939
2959
2974
2986
3007
3021
3038
3057
3070
3083
3099
3114
3126
3143
3158
3174
13538
13542
14938
14941
16028
19522
19505
22139
23225
23227
26870
33477
53300
55776